00000000000000000000000000000000000000000000000000000000000000000000000000000000000000000000000000000000000000000000000000000000000000000000000000000000000000000000000000000000000000000000000000000000000000000000000000000000000000000011000000000000000000000000000000000000000000000000000000000000000000000000000000000000000000000000000000000000000000000000000000000000000000000000000000000000
00011000011111000011110001111100011111100111111000111100011001100111111000000110011001100110000001000010011001100011110001111100001111000111110000111100011111100110011001100110010000100110011001000010011111100001100001111100001001000011000001100100001110000001100000011000001100000000000000000000000000000000001010000000001110000000010000100000000000000000000000000110000110110000000000000000
00011000011111100111111001111110011111100111111001111110011001100111111000000110011001100110000001000010011001100111111001111110011111100111111001111110011111100110011001100110010000100110011001000010011111100001100011000110001001000111100001101000011011000001100000110000000110000000000000111000000000000000010001000000011011000000010000100000000000000000000000000100000100100000000000000000
00111100011001100110011001100110011000000110000001100110011001100001100000000110011001100110000001100110011001100110011001100110011001100110011001100110000110000110011001100110010110100011110001100110000001100001100010000010001001000110110001101000011011000001100000110000000110000000000000111000000000000000100000100000011011000000100000010000000000000000000000001100001101100000000000000000
00100100011001100110011001100110011000000110000001100110011001100001100000000110011011000110000001100110011101100110011001100110011001100110011001100110000110000110011001100110010110100011110001100110000011000001100010111010111111100110110001101000011000000001100000110000000110000000000000111000000000000001100000110000011011000000100000010000000110000001100000001000001001000000000000000000
01100110011001100110011001100110011000000110000001100110011001100001100000000110011011000110000001100110011101100110011001100110011001100110011001100110000110000110011001100110010110100011110000111100000011000001100010111010111111100110000001101000011000001111111000110000000110000000000011111110011111000011000000011000011011000000100000010000000110000001100000000000000000000000000000000000
01100110011001100110000001100110011000000110000001100000011001100001100000000110011110000110000001100110011101100110011001100110011001100110011001110000000110000110011000100100010110100001100000111100000011000001100010101010001010000011000000010000001100001111111000110000000110000111111011111110011111000010000000001000000011000000100000010000000000000000000000000000000000000000000000000000
01100110011111000110000001100110011111100111111001100000011111100001100000000110011110000110000001100110011101100110011001100110011001100111110000111000000110000110011000100100011111100001100000011000000110000001100010101010001010000001100000010000011000000001100000110000000110000111111011111110000000000110000000001100000110000001000000001000000000000000000000000000000000000000000000000000
01111110011111000110000001100110011111100111111001101110011111100001100000000110011110000110000001111110011011100110011001111110011001100111110000011100000110000110011000111100011111100001100000011000000110000001100010101010001010000110110000010000011000000001100000110000000110000000000011111110011111000110000000001100001110000001000000001000000000000000000000000000000000000000000000000000
01100110011001100110011001100110011000000110000001101110011001100001100001100110011110000110000001111110011011100110011001111100011001100110011000001110000110000110011000111100011001100001100000011000001100000001100010101010001010000110110000101100011011100001100000110000000110000000000000111000011111000010000000001000001100000001000000001000000110000001100000000000000000000000000000000000
01100110011001100110011001100110011000000110000001100110011001100001100001100110011011000110000001011010011011100110011001100000011001100110011001100110000110000110011000111100011001100011110000011000001100000001100010101010111111000110110000101100011011000011110000110000000110000000000000111000000000000011000000011000001100000001000000001000000110000001100000000000000000000000000000000000
01100110011001100110011001100110011000000110000001100110011001100001100001100110011011000110000001011010011001100110011001100000011001100110011001100110000110000110011000111100011001100011110000011000001100000001100010111110111111000110110000101100011011000011110000110000000110000000000000111000000000000001100000110000001100000010000000001000000100000000000000000000000000000000000000000000
01100110011001100110011001100110011000000110000001100110011001100001100001100110011001100110000001011010011001100110011001100000011111100110011001100110000110000110011000011000011001100011110000011000011000000000000010111100010010000111100000101100011011000110011000110000000110000000000000000000000000000000110000100000000000000010000000000100000000000000000000000000000000000001100000110000
01100110011111100111111001111110011111100110000001111110011001100111111001111110011001100111111001000010011001100111111001100000001111000110011001111110000110000111111000011000010000100110011000011000011111100001100010000000010010000011000001001100001110000110011000011000001100000000000000000000000000000000010001000000001100000010000000000100000000000000000000000000000000000001100000110000
01100110011111000011110001111100011111100110000000111110011001100111111000111100011001100111111001000010011000100011110001100000000011100110011000111100000110000011110000011000010000100110011000011000011111100000000011111110000000000000000000000000000000000000000000000000000000000000000000000000000000000000001010000000001100000000000000000000000000000000000000000000000000000000100000000000
00000000000000000000000000000000000000000000000000000000000000000000000000000000000000000000000000000000000000000000000000000000000000000000000000000000000000000000000000000000000000000000000000000000000000000000000000000000000000000000000000000000000000000000000000000000000000000000000000000000000000000000000000000000000000000000000000000000000000000000000000000000000000000011000000000000