000000000000000000000000000000000000000000000000000000000000000000000000000000000000000000000000000000000000000000000000000000000000000000000000000000000000000000000000000000000000000000000000000000000000000000000000000000000000000000110000000000000000000000000000000000000000000000000000000000000000000000000000000000000000000000000000000000000000000000000000000000000000000000000000000000000000000000000000
000110000111110000111100011111000111111001111110001111000110011001111110000001100110011001100000010000100110011000111100011111000011110001111100001111000111111001100110011001100100001001100110010000100111111000011000011111000010010000110000011001000011100000011000000110000011000000000000000000000000000000000010100000000011100000000100001000000000000000000000000001100001101100000000000000000000000000000000
000110000111111001111110011111100111111001111110011111100110011001111110000001100110011001100000010000100110011001111110011111100111111001111110011111100111111001100110011001100100001001100110010000100111111000011000110001100010010001111000011010000110110000011000001100000001100000000000001110000000000000000100010000000110110000000100001000000000000000000000000001000001001000000000000000000000001001000000
001111000110011001100110011001100110000001100000011001100110011000011000000001100110011001100000011001100110011001100110011001100110011001100110011001100001100001100110011001100101101000111100011001100000011000011000100000100010010001101100011010000110110000011000001100000001100000000000001110000000000000001000001000000110110000001000000100000000000000000000000011000011011000000000000000000000011001100000
001001000110011001100110011001100110000001100000011001100110011000011000000001100110110001100000011001100111011001100110011001100110011001100110011001100001100001100110011001100101101000111100011001100000110000011000101110101111111001101100011010000110000000011000001100000001100000000000001110000000000000011000001100000110110000001000000100000001100000011000000010000010010000000000000000000000111001110000
011001100110011001100110011001100110000001100000011001100110011000011000000001100110110001100000011001100111011001100110011001100110011001100110011001100001100001100110011001100101101000111100001111000000110000011000101110101111111001100000011010000110000011111110001100000001100000000000111111100111110000110000000110000110110000001000000100000001100000011000000000000000000000000000000000000001111001111000
011001100110011001100000011001100110000001100000011000000110011000011000000001100111100001100000011001100111011001100110011001100110011001100110011100000001100001100110001001000101101000011000001111000000110000011000101010100010100000110000000100000011000011111110001100000001100001111110111111100111110000100000000010000000110000001000000100000000000000000000000000000000000000000000000000000011111001111100
011001100111110001100000011001100111111001111110011000000111111000011000000001100111100001100000011001100111011001100110011001100110011001111100001110000001100001100110001001000111111000011000000110000001100000011000101010100010100000011000000100000110000000011000001100000001100001111110111111100000000001100000000011000001100000010000000010000000000000000000000000000000000000000000000000000111111001111110
011111100111110001100000011001100111111001111110011011100111111000011000000001100111100001100000011111100110111001100110011111100110011001111100000111000001100001100110001111000111111000011000000110000001100000011000101010100010100001101100000100000110000000011000001100000001100000000000111111100111110001100000000011000011100000010000000010000000000000000000000000000000000000000000000000000011111001111100
011001100110011001100110011001100110000001100000011011100110011000011000011001100111100001100000011111100110111001100110011111000110011001100110000011100001100001100110001111000110011000011000000110000011000000011000101010100010100001101100001011000110111000011000001100000001100000000000001110000111110000100000000010000011000000010000000010000001100000011000000000000000000000000000000000000001111001111000
011001100110011001100110011001100110000001100000011001100110011000011000011001100110110001100000010110100110111001100110011000000110011001100110011001100001100001100110001111000110011000111100000110000011000000011000101010101111110001101100001011000110110000111100001100000001100000000000001110000000000000110000000110000011000000010000000010000001100000011000000000000000000000000000000000000000111001110000
011001100110011001100110011001100110000001100000011001100110011000011000011001100110110001100000010110100110011001100110011000000110011001100110011001100001100001100110001111000110011000111100000110000011000000011000101111101111110001101100001011000110110000111100001100000001100000000000001110000000000000011000001100000011000000100000000010000001000000000000000000000000000000000000000000000000011001100000
011001100110011001100110011001100110000001100000011001100110011000011000011001100110011001100000010110100110011001100110011000000111111001100110011001100001100001100110000110000110011000111100000110000110000000000000101111000100100001111000001011000110110001100110001100000001100000000000000000000000000000001100001000000000000000100000000001000000000000000000000000000000000000011000001100000000001001000000
011001100111111001111110011111100111111001100000011111100110011001111110011111100110011001111110010000100110011001111110011000000011110001100110011111100001100001111110000110000100001001100110000110000111111000011000100000000100100000110000010011000011100001100110000110000011000000000000000000000000000000000100010000000011000000100000000001000000000000000000000000000000000000011000001100000000000000000000
011001100111110000111100011111000111111001100000001111100110011001111110001111000110011001111110010000100110001000111100011000000000111001100110001111000001100000111100000110000100001001100110000110000111111000000000111111100000000000000000000000000000000000000000000000000000000000000000000000000000000000000010100000000011000000000000000000000000000000000000000000000000000000001000000000000000000000000000
000000000000000000000000000000000000000000000000000000000000000000000000000000000000000000000000000000000000000000000000000000000000000000000000000000000000000000000000000000000000000000000000000000000000000000000000000000000000000000000000000000000000000000000000000000000000000000000000000000000000000000000000000000000000000000000000000000000000000000000000000000000000000000110000000000000000000000000000