00000000000000000000000000000000000000000000000000000000000000000000000000000000
00000000000100000010000100101101000001100000000001000000010000010000100000011100
00000000001110000011000100101101000011100000000001000010011000110000100000111110
00000000001110000111101101111111001111000000000001111110011000110000100001111110
00000000000111000111111101111111011100000000000001111111011000110000100001100110
00001000000111000011111100111111011111100001110001111111011101110000100001111110
00011100000011000001111000110010011111110011111000111111001101100001110001111110
00111110000011000001110000011000011111100111111100011110000101000001010000111100
01111111000001000000110000011000000011000110001100000100000101000001010000011100
01111111000001000000110000011000000110000100000100000100000111000011011000000110
00111110000001000000010000011000001100000111111100000100000010000111011100000110
00011100000001000000010000011000011110000111111100000110000010000110001100000111
00001000000001000000010000011000011111110001110000000110000010000110001100000011
00000000000001000000010000010000011111110000000000000110000010000110001100000011
00000000000001000000010000010000001111110000000000000111000010000100000100000011
00000000000000000000000000000000000000000000000000000000000000000000000000000000