00111110000011000011111000111110000111100111111100111110011111110011111000111110
01111111000111000111111101111111000111100111111101111111011111110111111101111111
01100011001111000110001101100011000111100110000001100011000000110110001101100011
01100011001111000110001101100011001101100110000001100011000001100110001101100011
01100011000011000110001101100011001101100110000001100000000001100110001101100011
01100011000011000000001100000011001101100111111001111110000001100110001101100011
01100011000011000000011000011111001001100111111101111111000011000011111001111111
01100011000011000000111000011110011001100110001101100011000011000011111000111111
01100011000011000000110000000011011001100000001101100011000111000110001100000011
01100011000011000001110001100011011001100110001101100011000110000110001101100011
01100011000011000001100001100011010001100110001101100011000110000110001101100011
01100011000011000011000001100011011111110110001101100011001100000110001101100011
01100011000011000111000001100011011111110110001101100011001100000110001101100011
01111111000011000111111101111111000001100111111101111111001100000111111101111111
00111110000011000111111100111110000001100011111000111110011000000011111000111110
00000000000000000000000000000000000000000000000000000000000000000000000000000000